864902
103811
191828
323289
401151
474567
436355
286922
392378
599171
401171
293492
378005
632380
634911
269435
726778
365184
857866
508570
48422
409131
59462
635887
612037
18904
444040
224418
141583
217107
791153
493683
388936
118080
20088
858105
660665
456443
280126
256159
190712
749315
549651
636735
516793
387678
109287
446688
752862
170269
90356
4401
579400
217837
640288
326536
236741
287444
618972
378324
572569
545223
7105
96604
663303
95212
157825
527084
551655
505969
783243
810386
458401
536010
582219
110292
58787
759524
624998
14765
64892
783373
87184
644292
136308
727472
173944
441067
150015
792916
819391
722584
473238
29612
22304
339657
124824
248148
1840
744498
754117
853101
758000
347616
524210
543335
525927
651015
437958
354041
733798
502850
340530
820983
350258
544856
751571
524203
121021
104702
452217
143528
30403
128571
173141
52707
468229
365983
368873
538087
313597
326107
594304
206695
741741
321630
750031
470784
107743
391105
824826
44658
29053
368472
739
447329
48427
752310
106630
169448
857013
626866
312977
90532
823455
554136
211257
494800
123235
580131
167985
436833
41336
830308
711546
783077
287036
596675
456978
394780
190896
416902
507456
287967
785374
508195
735297
36917
463621
841927
206366
523750
671909
587361
614282
630463
344613
825540
260361
467848
540769
496365
39779
650123
461771
819344
636316
748807
551117
228392
346703
742014
713312
854159
165079
701803
565470
103492
738720
164190
148536
148202
755958
820445
803581
505339
654024
283292
533995
117502
751141
277880
613867
858938
63101
278754
813380
767435
230677
567614
198944
577381
512744
115372
634656
745841
20291
403243
849334
759012
635451
132968
110330
526507
156529
49010
234962
810554
400320
768957
63154
286559
181935
745039
348614
313054
158891
297092
283606
389568
67822
482550
170065
580566
665940
7838
529524
686232
411081
513956
648360
249648
714942
758690
776155
6569
10816
146216
20239
411137
118289
83393
765714
300225
31548
249426
681297
190439
546519
100001
648026
682359
650569
21207
398024
451608
29045
62646
340956
508144
644620
124414
757792
494660
18202
737064
569247
97037
86396
589487
508174
204685
740898
408986
572928
840465
658413
389324
234020
408048
557343
17144
225505
411029
106370
691547
65753
203433
822211
406709
711578
601929
531123
672486
299705
617343
612666
72069
714380
699062
729574
425670
106864
673588
834657
679792
649151
696186
272232
18270
239332
829576
103432
532855
375703
209802
427519
441456
413236
384828
51281
327930
189874
582404
203532
557597
402863
816199
629666
252342
718377
494338
746030
825241
371043
715785
640132
155292
615087
47462
173562
57535
80154
276995
590391
523875
554815
153008
168447
171167
605854
219728
499097
795728
5248
770648
556442
408112
721945
321206
728472
643438
18661
609600
603778
389704
528502
447026
544996
278687
562506
786577
336223
642661
266688
129730
301634
24619
350756
470082
195787
91708
757828
694884
90553
763077
600630
646995
306287
525691
171317
237875
304228
189978
847475
111122
647700
579093
558148
395813
857781
255752
317488
397120
101529
652194
526850
471182
676813
12704
144380
7698
172430
37306
770601
262983
800383
574347
45076
309786
235137
216394
547661
607383
474390
598253
786523
257189
312444
479769
653002
373341
803539
173606
770461
40167
825800
500427
579367
705729
513131
723747
713428
685562
761053
687145
151661
764553
396590
196738
209437
699745
481150
825117
442226
90638
626486
363847
415845
142046
46732
203945
515388
850272
445569
488965
93555
406467
124491
672922
247295
705640
531767
163839
526300
495936
850984
677962
395587
382672
77816
673043
217516
558966
701276
727760
717622
462860
294724
268566
604906
409474
540529
323410
462862
121197
812376
556417
595682
139983
432455
46093
845623
167338
277950
575040
731293
264032
456118
261978
714723
601952
138137
135355
364034
839413
66231
216754
505389
428973
553338
313412
838448
296984
636822
436408
418181
652314
195942
216979
792297
696415
331091
841037
863754
609041
619193
730145
8172
210409
195239
790913
812361
333377
61366
311493
375906
195615
596265
84412
624589
284702
397824
598135
581686
237762
237659
202983
25175
433601
487980
20588
265115
819071
64741
331985
563211
683934
265246
639401
97459
460485
565412
112936
861880
694796
492447
440903
93527
223811
525315
718116
576531
126255
519367
361333
364017
825045
632334
457210
393744
255412
477799
726877
209582
610558
261978
840811
429591
527224
615310
595068
190826
383838
708005
187804
281750
335550
696725
375277
627379
357138
296510
339008
483393
18993
768359
50527
844038
535791
507737
440899
859222
120634
370892
271920
799211
632871
247829
363900
363211
66255
162084
554037
518111
5187
809860
2977
340738
641683
446272
171233
201938
742782
510242
753349
761776
481717
803876
808930
152607
446712
384927
146927
635364
755820
486865
569673
523789
734694
136689
22098
4065
298774
644154
522176
371979
589112
593171
780735
433911
174541
87067
635849
120440
597309
524297
85332
214124
531289
29360
434749
181117
414288
649694
816482
305206
271657
589271
32111
209467
793979
122227
213532
295869
766381
803726
667848
558609
531995
583682
127619
706537
670749
831486
826977
471174
558899
47407
753316
225287
144785
323164
406404
559073
175974
426002
67395
447632
218390
167524
725117
147467
289752
73748
443336
259249
12572
246282
20975
612586
33080
216612
522239
703829
183196
484314
310101
742096
599739
266534
170499
744524
589698
644921
506714
833690
206022
574109
484438
424412
741634
344654
639897
234502
418402
286349
561769
498992
532631
582744
314694
565712
799356
836933
472657
185669
456345
850777
62863
259200
252409
233362
138823
45223
13381
645537
14011
287421
422762
498450
779851
367512
843104
622864
670032
464622
44311
366900
166730
576943
152760
481425
345771
155233
453456
818428
340902
112918
7419
471783
372118
259828
773163
578959
305051
854562
427612
319063
345100
850375
20629
260049
352985
863733
18012
158116
531471
130341
593034
698201
707284
813812
314724
256171
104143
768181
277716
513063
16197
285135
119944
456333
544964
96223
170391
53131
85884
598003
372194
430984
583476
392823
759051
139578
459672
845081
365712
126241
110521
161862
824443
20921
110772
342283
345111
214916
245562
622827
795997
329777
111078
119058
786111
724060
215281
159618
777192
369183
757621
284484
3283
544214
745326
762335
751810
408114
810532
252620
534356
124169
414482
561915
145091
525254
39296
558220
808188
352877
316145
739284
750672
495241
858342
739899
354400
276739
34615
266690
645923
860255
619192
649206
539567
567634
614657
426475
110847
628306
747113
713221
752475
364711
410234
100682
25063
517548
658902
36368
73541
178163
843670
824214
673405
40226
699211
162903
316965
801845
429593
166004
797198
251901
18327
471863
819536
632984
101454
65481
464406
51683
778702
351980
416394
392052
520680
441457
112716
314681
545843
186258
492844
524611
213588
369365
564837
115915
532268
84919
52858
164977
250923
850056
416879
269250
525035
439531
105351
694507
505012
569757
746190
486830
124853
297682
81998
645534
807158
262732
163331
488099
448990
656175
215827
