864902
103811
191828
323289
401151
474567
436355
286922
392378
599171
401171
293492
378005
632380
634911
269435
726778
365184
857866
508570
48422
409131
59462
635887
612037
18904
444040
224418
141583
217107
791153
493683
388936
118080
20088
858105
660665
456443
280126
256159
190712
749315
549651
636735
516793
387678
109287
446688
752862
170269
90356
4401
579400
217837
640288
326536
236741
287444
618972
378324
572569
545223
7105
96604
663303
95212
157825
527084
551655
505969
783243
810386
458401
536010
582219
110292
58787
759524
624998
14765
64892
783373
87184
644292
136308
727472
173944
441067
150015
792916
819391
722584
473238
29612
22304
339657
124824
248148
1840
744498
754117
853101
758000
347616
524210
543335
525927
651015
437958
354041
733798
502850
340530
820983
350258
544856
751571
524203
121021
104702
452217
143528
30403
128571
173141
52707
468229
365983
368873
538087
313597
326107
594304
206695
741741
321630
750031
470784
107743
391105
824826
44658
29053
368472
739
447329
48427
752310
106630
169448
857013
626866
312977
90532
823455
554136
211257
494800
123235
580131
167985
436833
41336
830308
711546
783077
287036
596675
456978
394780
190896
416902
507456
287967
785374
508195
735297
36917
463621
841927
206366
523750
671909
587361
614282
630463
344613
825540
260361
467848
540769
496365
39779
650123
461771
819344
636316
748807
551117
228392
346703
742014
713312
854159
165079
701803
565470
103492
738720
164190
148536
148202
755958
820445
803581
505339
654024
283292
533995
117502
751141
277880
613867
858938
63101
278754
813380
767435
230677
567614
198944
577381
512744
115372
634656
745841
20291
403243
849334
759012
635451
132968
110330
526507
156529
49010
234962
810554
400320
768957
63154
286559
181935
745039
348614
313054
158891
297092
283606
389568
67822
482550
170065
580566
665940
7838
529524
686232
411081
513956
648360
249648
714942
758690
776155
6569
10816
146216
20239
411137
118289
83393
765714
300225
31548
249426
681297
190439
546519
100001
648026
682359
650569
21207
398024
451608
29045
62646
340956
508144
644620
124414
757792
494660
18202
737064
569247
97037
86396
589487
508174
204685
740898
408986
572928
840465
658413
389324
234020
408048
557343
17144
225505
411029
106370
691547
65753
203433
822211
406709
711578
601929
531123
672486
299705
617343
612666
72069
714380
699062
729574
425670
106864
673588
834657
679792
649151
696186
272232
18270
239332
829576
103432
532855
375703
209802
427519
441456
413236
384828
51281
327930
189874
582404
203532
557597
402863
816199
629666
252342
718377
494338
746030
825241
371043
715785
640132
155292
615087
47462
173562
57535
80154
276995
590391
523875
554815
153008
168447
171167
605854
219728
499097
795728
5248
770648
556442
408112
721945
321206
728472
643438
18661
609600
603778
389704
528502
447026
544996
278687
562506
786577
336223
642661
266688
129730
301634
24619
350756
470082
195787
91708
757828
694884
90553
763077
600630
646995
306287
525691
171317
237875
304228
189978
847475
111122
647700
579093
558148
395813
857781
255752
317488
397120
101529
652194
526850
471182
676813
12704
144380
7698
172430
37306
770601
262983
800383
574347
45076
309786
235137
216394
547661
607383
474390
598253
786523
257189
312444
479769
653002
373341
803539
173606
770461
40167
825800
500427
579367
705729
513131
723747
713428
685562
761053
687145
151661
764553
396590
196738
209437
699745
481150
825117
442226
90638
626486
363847
415845
142046
46732
203945
515388
850272
445569
488965
93555
406467
124491
672922
247295
705640
531767
163839
526300
495936
850984
677962
395587
382672
77816
673043
217516
558966
701276
727760
717622
462860
294724
268566
604906
409474
540529
323410
462862
121197
812376
556417
595682
139983
432455
46093
845623
167338
277950
575040
731293
264032
456118
261978
714723
601952
138137
135355
364034
839413
66231
216754
505389
428973
553338
313412
838448
296984
636822
436408
418181
652314
195942
216979
792297
696415
331091
841037
863754
609041
619193
730145
8172
210409
195239
790913
812361
333377
61366
311493
375906
195615
596265
84412
624589
284702
397824
598135
581686
237762
237659
202983
25175
433601
487980
20588
265115
819071
64741
331985
563211
683934
265246
639401
97459
460485
565412
112936
861880
694796
492447
440903
93527
223811
525315
718116
576531
126255
519367
361333
364017
825045
632334
457210
393744
255412
477799
726877
209582
610558
261978
840811
429591
527224
615310
595068
190826
383838
708005
187804
281750
335550
696725
375277
627379
357138
296510
339008
483393
18993
768359
50527
844038
535791
507737
440899
859222
120634
370892
271920
799211
632871
247829
363900
363211
66255
162084
554037
518111
5187
809860
2977
340738
641683
446272
171233
201938
742782
510242
753349
761776
481717
803876
808930
152607
446712
384927
146927
635364
755820
486865
569673
523789
734694
136689
22098
4065
298774
644154
522176
371979
589112
593171
780735
433911
174541
87067
635849
120440
597309
524297
85332
214124
531289
29360
434749
181117
414288
649694
816482
305206
271657
589271
32111
209467
793979
122227
213532
295869
766381
803726
667848
558609
531995
583682
127619
706537
670749
831486
826977
471174
558899
47407
753316
225287
144785
323164
406404
559073
175974
426002
67395
447632
218390
167524
725117
147467
289752
73748
443336
259249
12572
246282
20975
612586
33080
216612
522239
703829
183196
484314
310101
742096
599739
266534
170499
744524
589698
644921
506714
833690
206022
574109
484438
424412
741634
344654
639897
234502
418402
286349
561769
498992
532631
582744
314694
565712
799356
836933
472657
185669
456345
850777
62863
259200
252409
233362
138823
45223
13381
645537
14011
287421
422762
498450
779851
367512
843104
622864
670032
464622
44311
366900
166730
576943
152760
481425
345771
155233
453456
818428
340902
112918
7419
471783
372118
259828
773163
578959
305051
854562
427612
319063
345100
850375
20629
260049
352985
863733
18012
158116
531471
130341
593034
698201
707284
813812
314724
256171
104143
768181
277716
513063
16197
285135
119944
456333
544964
96223
170391
53131
85884
598003
372194
430984
583476
392823
759051
139578
459672
845081
365712
126241
110521
161862
824443
20921
110772
342283
345111
214916
245562
622827
795997
329777
111078
119058
786111
724060
215281
159618
777192
369183
757621
284484
3283
544214
745326
762335
751810
408114
810532
252620
534356
124169
414482
561915
145091
525254
39296
558220
808188
352877
316145
739284
750672
495241
858342
739899
354400
276739
34615
266690
645923
860255
619192
649206
539567
567634
614657
426475
110847
628306
747113
713221
752475
364711
410234
100682
25063
517548
658902
36368
73541
178163
843670
824214
673405
40226
699211
162903
316965
801845
429593
166004
797198
251901
18327
471863
819536
632984
101454
65481
464406
51683
778702
351980
416394
392052
520680
441457
112716
314681
545843
186258
492844
524611
213588
369365
564837
115915
532268
84919
52858
164977
250923
850056
416879
269250
525035
439531
105351
694507
505012
569757
746190
486830
124853
297682
81998
645534
807158
262732
163331
488099
448990
656175
215827
730596
228657
848682
846512
760925
68699
34468
129019
387641
87641
613916
656891
612676
188545
762242
510300
693557
535116
391588
383503
659969
689271
465501
440601
699545
796251
671950
322742
380340
531242
606587
314052
759899
590368
295662
723940
727085
398149
852959
249824
485790
601973
109832
301582
790518
75190
811882
687191
610306
406587
205792
405374
298974
739311
49091
133617
670661
721042
524377
254117
387382
266063
636187
350397
59547
66948
209435
786632
533115
197493
239573
154003
2582
349405
523603
793101
424595
538602
683408
238018
80287
92317
643392
447279
34744
760501
580896
773423
684659
240371
230656
275157
506434
1942
625554
633999
68890
38106
555730
602005
235599
863321
824026
306199
347824
550745
302416
840437
224445
120923
213553
372750
213240
60061
820029
316002
23679
604041
224524
708338
844413
455180
186612
553963
457122
15282
323061
594030
53388
81907
331133
357005
80326
358275
663205
496168
44119
100719
539721
336582
289660
753275
777351
570918
16452
800496
22019
40131
539636
246543
816488
587165
769741
138198
276226
361962
221498
667305
91090
274887
749212
490242
699910
32654
848517
566231
596840
27734
666951
271660
432335
159727
228051
344784
730646
244503
280378
752665
284635
820014
202324
236221
542277
107163
442437
21620
537143
663935
688925
628234
141938
641254
321592
841849
741926
305207
611196
473865
400960
413245
813543
833295
640991
176692
381195
506735
489213
661573
462516
773848
684704
732858
213185
430097
840021
655622
519735
580281
522674
411777
411631
664612
188129
733223
709577
65153
173528
455872
607036
642506
72233
623695
678917
713224
800387
195210
423075
424699
59900
20689
401663
744604
753547
614849
377817
796685
473587
100669
580082
131359
512446
126811
863990
700575
860034
708665
833746
236678
367653
643899
14283
507905
402692
693200
356227
406196
23509
847321
34011
151427
71126
435674
99147
27790
253639
476964
824475
727227
577633
607673
858586
225177
734484
857674
128868
729616
769456
165731
169410
272207
809630
183693
780112
347420
80010
339456
821634
171537
321875
855645
322964
461019
426418
422111
488809
748075
102191
516400
610400
747843
259171
604085
108118
128753
664875
305005
61485
569429
470736
230896
44753
415464
482607
27981
830902
562617
435455
787635
802172
825348
846396
260234
421466
407912
750363
45373
359104
852555
561774
104602
735496
820945
776705
46730
152815
576679
419753
214300
349224
25587
513214
461995
509069
130920
489977
475070
761555
60530
465821
698826
20977
447315
162176
442443
58344
115656
487816
417448
103309
252706
522050
41921
208750
501872
156669
361565
213649
576423
643883
630891
602010
360214
227985
246178
491134
717962
789266
455805
846510
390185
357747
2585
40616
587942
513046
98960
703598
203979
516408
10023
456685
241575
51944
665435
743447
208613
230116
160212
785036
77116
791103
522145
437330
222204
836341
131580
143282
760705
587385
124891
354006
148249
195494
394622
736191
776559
561601
642905
115636
213107
652928
572321
522700
704872
440873
469263
116601
739007
697493
104754
816123
691713
694917
388551
49015
666356
520131
192298
630177
310633
385207
119281
526900
580701
581921
466207
492358
278620
244210
676012
559746
32236
383432
285562
805126
27421
754826
124843
766428
587417
229597
717650
414228
59612
309317
531262
793986
829449
723560
559261
343198
243865
746560
5196
27682
463580
471403
588059
742200
715613
399169
505062
815867
850619
790625
824109
13138
680549
152068
847585
471082
381666
700333
88427
509296
144748
619689
438381
177313
546365
132740
520511
858248
82417
525707
21028
545997
200226
677105
491313
118955
279391
199492
69920
265108
125215
97145
346265
8880
249214
328948
479962
698898
164379
636407
411310
377145
391194
849691
622477
140675
185548
278086
134021
267965
6910
223068
17078
275154
35271
576409
394110
314662
775901
464030
647789
36214
629194
129152
113112
81524
526118
661093
848440
758515
432598
394848
270758
26909
379638
28333
167584
633204
374438
301606
104285
449366
524674
121363
724520
627963
765790
253728
77724
676790
785777
793531
781022
618087
125799
29233
699611
651917
690326
683149
545530
326040
281113
19404
352949
728769
47738
520534
497071
490194
822140
601356
142676
481912
790737
2294
244973
759644
324041
390715
639550
312934
387362
555670
66119
513161
652921
765730
300176
546363
651995
845706
7502
136224
209
360451
92
115965
16083
497163
674177
41339
301636
816853
591269
295489
22263
39359
258249
346304
430074
32897
659238
20553
656586
793375
533714
444605
762221
37007
194085
549314
85829
201587
685539
154056
630056
753649
270021
714158
453928
147314
755497
755564
167283
481865
254170
189547
521224
512419
603869
154414
613335
466224
242985
405019
394697
776700
52740
292017
16823
246825
44447
102652
516430
798004
256709
281585
686751
594748
198859
275778
810081
157472
234458
112462
639337
556646
302009
363677
204164
40977
586110
817499
575219
32211
425634
105014
12027
478374
465049
28850
725200
509497
131503
376728
510617
456230
726331
332467
186076
60288
676263
131255
217761
45819
311736
60214
602466
613745
491910
9746
722740
281136
30361
433057
313347
455995
606090
325375
69467
206237
422243
862685
783752
553746
442530
429468
213092
303959
829953
467187
432266
641314
666460
718045
755151
113294
846277
560733
727040
473285
638497
652896
822439
668858
289070
338903
327969
98276
732296
465455
372531
289637
463238
291382
46500
40866
788868
259592
412844
753919
726779
845110
598349
528338
698253
556616
641632
679628
252448
571788
356030
26043
427801
381585
762920
716871
720488
225987
18263
587882
759460
390794
12618
357797
750194
127136
466681
674160
386728
14623
631195
248606
62849
432660
844962
761102
124375
621692
643847
376823
396597
202993
470884
824398
584578
368902
744385
508183
662908
762648
299181
557466
288540
311799
118379
173833
506953
653079
51109
28780
667702
682305
345404
730552
250063
325464
694770
442456
150272
541733
819279
546869
744726
493280
574383
532421
862182
453866
175702
728206
419630
474883
488789
708171
854701
675186
85120
496752
463363
204247
593550
266164
89668
74052
199832
407750
399516
29700
850206
549789
639452
7700
299774
519276
500980
9256
254813
566278
463122
498533
429583
17851
108515
121488
794040
166332
796674
82276
731102
463154
286523
459751
797336
444210
533803
132266
851960
136436
229984
837264
686225
72552
844964
121097
591829
481042
130353
49758
182419
661494
548292
680020
747363
724825
4624
676501
26255
4414
826795
825375
467568
316434
420224
400002
760644
157144
600286
747702
293580
33387
720065
114903
105939
768145
304018
765786
384286
502390
815545
634723
298982
566953
517859
181443
426876
522483
61060
453131
526897
90971
413604
197582
407405
36945
665602
303148
194089
469005
185948
487669
570410
109129
670590
744367
12373
109706
645252
464677
680114
663913
234498
114194
433982
752357
363655
860858
477956
492733
517105
139951
583704
133825
405551
126208
170770
206252
497374
432877
675257
683322
55644
380765
792452
794252
260230
7941
39057
108598
472618
787189
840529
707116
36482
409609
662589
468155
405565
275643
164005
125786
483612
747709
259612
24262
77033
430382
298532
574407
863260
108887
460846
122020
557670
456414
51371
817900
464355
158446
129615
72071
80733
173260
847205
185233
582870
644892
653389
191551
123651
20510
317338
607263
768219
576950
699543
48369
210448
133173
690794
208806
310078
286738
398845
2846
743152
450216
23863
342605
676680
221496
482694
825431
394756
464997
145763
112724
244987
2268
372294
436656
22778
689632
247036
859015
469698
81677
110500
680146
282869
801295
92069
660965
291149
490914
663812
169400
144246
755693
580023
820926
112287
265834
781455
575061
730831
130334
687786
178935
132602
263196
615591
223398
87926
862627
285530
557624
147421
396030
372868
498308
332423
464937
294371
623573
158967
93281
860991
303213
52090
644130
327255
232395
45062
311827
807457
843912
442161
698359
157945
642782
96653
841554
69296
184579
839280
354826
810221
189817
750857
386205
688125
286396
851143
117594
113085
213226
278894
109174
516440
330984
821323
843695
631398
1483
290620
573953
48511
800800
407410
206456
646698
504063
183109
715994
756660
225505
205919
701979
483340
159892
223282
306563
446288
277541
492175
559374
490768
771069
736566
210324
305170
692987
189117
139684
762489
547756
713637
811000
551672
324163
220573
333468
828226
471700
252578
788002
765223
458497
625079
383661
618389
51477
690224
267794
397037
385515
30284
22903
359701
766850
233227
732889
662954
490362
7671
560541
241234
721308
574657
860924
180569
863248
329490
211911
470046
582069
135011
370367
243682
828108
822046
65188
82701
715386
401000
479738
236000
431284
570659
595701
333232
7002
463688
131284
497365
471359
759843
806617
395783
537617
802640
644370
535963
335246
856281
209126
120431
194408
647511
364114
157614
604656
497320
240315
523158
33418
788072
759158
464702
493829
557975
1050
500832
224779
200353
201313
764156
95294
211046
295037
700929
148784
74505
440009
552049
133902
717153
672480
328310
499762
239710
553942
307534
737030
794258
830693
838466
785446
792967
438266
414373
486041
507335
118321
778838
707688
387652
678093
6098
598699
176246
707028
815501
318770
282135
502648
452672
134386
378245
849001
702166
617955
538041
144799
558102
535415
178608
599684
455959
174691
241067
73449
660732
748402
191770
642687
591188
579423
455878
597286
381238
700142
439412
331837
154010
789565
37602
674701
127067
415847
658800
829234
236918
399957
177149
863038
70471
423775
597821
594448
598466
838888
667897
462315
722388
859668
240100
448674
642207
763996
249076
158543
599236
688489
558398
753247
681170
596000
631064
808238
214963
492980
840588
451882
28035
152835
518036
166524
644628
250955
760973
378192
292959
563968
840507
150445
626752
283723
667137
472075
182817
51312
698636
782054
807819
392133
738417
692105
123231
572597
635441
338195
200675
679145
858095
296728
35096
511229
463253
679724
762185
427342
261033
258260
194426
236638
408706
24295
588380
278959
496370
771197
398289
330105
756367
409224
722238
697900
236428
48585
473613
74985
454798
674288
754131
447991
174133
857245
162337
637386
672068
127638
267844
68199
385898
462270
372855
794604
554583
96333
276680
186052
70647
742987
584175
30130
287310
509529
796049
591756
558114
404760
666741
216029
214147
623988
664020
456298
616332
826357
228782
491516
89093
564644
559715
474992
230030
135686
472712
784614
300038
817410
105764
370685
695496
757957
468833
185922
402584
399980
777678
163814
804741
647535
379843
222004
474640
246980
678302
294088
276453
110200
785604
433565
742862
548435
43655
107990
752139
584385
27702
187275
604912
201484
625978
435506
94539
229910
621428
565141
629890
602222
728956
637747
384855
311915
62867
859495
558895
809187
356699
835349
122503
277401
472030
463
28952
583703
108454
781092
303186
136156
171483
111214
337641
797462
546720
500198
162470
371264
200438
860378
176602
132510
701242
561458
444425
764109
624069
206437
708395
115867
244902
34014
461286
716932
34478
558257
435733
142932
542465
806937
347106
713948
53250
684747
646508
667988
388062
12094
242369
588500
7571
418971
721010
708813
183545
368551
676038
10731
643006
587549
194616
23006
621564
723920
739938
656042
417275
378787
2090
162856
320823
349196
11903
442091
169042
726429
245177
557104
738524
555564
348720
814113
109634
272846
658024
361197
709415
537178
371928
487520
259826
566544
510526
84506
425563
453581
740548
45954
35484
742638
208811
356307
226932
288732
1514
463992
150259
314710
224212
23881
5372
640950
41110
183024
48894
699134
544222
826328
439429
51248
448946
767273
685811
94570
851779
314490
616169
795443
360444
651654
673179
569255
211077
103227
61103
212592
635238
211363
527302
62566
303262
532674
771535
344373
715699
23545
246623
463037
849873
686052
514285
433917
588423
403212
596506
643318
717702
347773
573859
213245
134525
450154
850518
413621
553382
46720
626213
391736
326101
288613
522320
629363
24403
428953
108834
808120
452499
423476
406255
437470
312644
123657
6486
36166
526869
671010
679484
379670
153881
456460
660933
356425
41712
714567
770046
663112
829305
531357
189946
290504
23086
712267
122984
115507
344336
299836
58726
796835
723312
464981
437422
171055
656656
443908
275239
318624
250016
157839
766312
471915
614299
630361
828340
656012
548044
801502
454222
512448
535975
712187
6068
559061
627570
129052
742587
107004
428889
801313
38938
287299
469410
544378
526372
261165
191402
801611
647807
509436
94549
617235
116449
776866
450712
147906
567976
133854
84506
225315
646302
688500
72600
652371
450677
700170
849441
328362
807174
413428
264773
49228
768746
734184
593606
430216
198465
785008
434944
49388
429542
597511
666623
614010
509475
320451
761916
212550
454305
49538
437865
303724
738038
510465
159211
323814
413751
143750
652176
356023
557179
120066
473270
529041
57366
201974
94355
255831
190099
597317
305219
687659
329926
174958
436767
839402
495409
333781
255068
152830
451338
760951
456554
324474
406514
615765
716306
23381
827534
503581
379404
519811
623647
55790
251968
681013
325783
414341
139960
515882
146757
513197
338639
476683
756173
775407
519201
454698
312304
774269
607528
763642
670318
199181
291233
279948
18062
142637
303329
845596
646218
750752
568523
472981
806542
820491
357110
335441
437949
565088
851323
584706
281401
393079
196487
172672
371602
783707
627370
683906
693074
438015
650665
498491
705214
76996
778439
723276
287651
284885
771989
136986
170735
543628
609967
180393
567236
170194
515835
140283
735282
570274
724989
219800
98451
124592
392472
538071
43397
222959
425094
736472
660974
210857
438079
501286
355871
419634
427678
643522
772537
402783
780508
146388
81510
593592
326782
648746
763786
45733
789029
702184
684025
717134
125100
850495
841726
517573
523664
88240
808550
83856
27828
672640
362731
465907
309024
786620
88657
804720
565241
861195
342602
548865
142681
424112
277555
537481
275974
244457
651232
200101
149758
470356
52333
274858
455949
97175
860449
114711
253433
804097
266586
281261
611835
697335
815186
123975
619054
106960
63794
319393
103253
474414
3356
313952
101642
348930
851434
377616
661405
637764
577717
811163
243218
698068
289138
767185
863261
284685
85013
251793
291899
351599
601072
106850
184032
619375
230826
803086
726335
362638
325595
829588
40168
396970
278638
141810
813918
333188
519426
610421
106051
232241
624701
417287
133425
48937
319571
199802
401640
472602
519613
693539
824201
255784
800390
211349
10257
234332
217552
736592
596970
611165
769296
637138
143233
183032
778948
160267
584239
501490
770689
690290
733731
598506
310693
70272
647443
698282
270074
252199
305982
789688
80837
333299
248588
84343
612667
326863
318675
830219
198553
118761
576482
102947
823917
787734
353997
737963
83099
73334
374551
56904
831642
311398
655410
345452
449688
505969
246850
787780
758169
552833
780584
42122
89248
164270
126465
701915
491133
513158
667232
757704
631919
446831
63767
590934
437681
485783
532013
588798
627135
109680
645703
661894
489096
504229
142444
141900
213315
389294
64778
174600
145243
845363
284740
234492
212749
411205
71505
771901
127479
806756
664703
759398
388685
796489
553448
826366
417370
288577
618280
179603
398257
399081
44613
90469
106427
187057
232369
387760
644370
365165
630378
857631
345626
50216
227221
626394
461421
366745
533393
588900
308599
401212
551414
765302
332799
307978
794784
818187
596555
548162
200907
197928
150360
245520
288397
256787
432578
588784
712565
280064
89047
478041
272793
502692
528257
568033
264184
192794
69876
797577
849712
378475
333887
604242
278875
734705
47318
208757
687990
643873
756919
23995
44917
110395
269516
401332
435200
770112
125214
282863
185274
282279
828922
526085
784971
492277
229216
252271
753089
299092
184946
737899
745585
586852
477239
227576
456655
592575
504351
347761
439564
396369
371757
484481
574782
709291
88929
145081
614501
214143
427944
2891
564441
391965
528976
552528
87358
826211
804800
840448
260401
124844
781463
209103
779714
393801
436679
371467
189492
76129
719229
629057
540516
294102
316654
250396
138491
405584
395477
821010
687745
26538
823901
387284
418503
555993
74911
573879
517302
14809
549425
845722
207671
465987
189923
122484
62904
626602
561969
252396
770749
484314
84569
446363
846434
401224
764778
120023
806808
295353
76131
629651
321891
103148
152034
808412
659142
294963
517390
311542
377790
269931
292362
585461
735918
550303
775963
1938
380022
473031
322353
285869
160461
406922
800251
141994
808146
700127
330035
750052
130578
474185
582820
520488
577333
802872
532016
371573
232933
184504
751134
610723
522454
246612
399300
461488
796916
310362
463427
312036
851411
785780
665923
214988
395818
601272
356982
407081
436497
755036
360249
635094
364319
78167
358698
76750
16137
25812
516342
317088
278335
402574
62909
800789
717204
530228
397375
649218
43706
63918
164370
98233
52814
33410
313221
448633
634682
738222
855714
274296
628356
419079
112506
127773
497247
539222
204523
513384
633052
788883
33589
46485
326555
164516
50390
178858
694744
515784
31192
738450
579702
263581
836683
700535
296991
353021
284266
134789
226341
343096
477103
57813
762175
657627
185586
462538
331947
458127
179039
168116
382109
212628
282619
776682
377144
333010
158656
275005
51910
257867
148553
631612
521448
188353
467245
21555
609392
819529
224362
835733
365741
769484
96662
331033
630227
282248
861589
165291
808393
175726
333407
393618
456372
616026
305399
833517
152152
532073
243620
204062
789940
460191
38791
514504
716562
574054
536059
461052
596700
828440
499901
97539
801040
596563
496590
566365
81927
561296
731656
25419
737022
200161
419037
328493
816188
792454
365126
171456
459626
676764
375519
384664
340071
414310
34267
191732
123462
638344
720802
720162
669900
355802
20818
606038
155481
585426
307502
237409
281820
242274
330846
221959
442436
817901
618470
461740
745454
118694
633196
408196
863476
211831
792860
338645
626141
30243
598395
749604
736606
454296
672882
541604
810098
693700
350759
168695
482243
726279
406104
764063
103651
736950
121120
614105
689950
739590
210943
638520
61400
47256
181814
59974
259087
177790
466638
20327
208034
200131
837949
147756
654427
713947
757378
667641
610764
243235
836337
228105
104612
445557
195284
276282
385624
316405
25485
278690
259111
304447
52308
388530
351703
302140
448504
610790
479930
118258
699135
755982
318390
740200
38836
175933
657264
796215
46691
403126
242566
18126
699249
415197
531701
29631
691479
52423
414054
716964
331113
741184
156509
451439
264812
576230
753579
781334
390137
436626
34691
224370
327706
353081
167687
434561
597032
824951
433892
643723
431193
744476
729867
265540
294771
396667
295171
121348
517108
777244
41429
848222
653526
265956
502777
53436
45303
459473
834770
435440
31197
4559
727828
426921
425658
98631
64598
157789
58680
498490
4628
489873
446083
734496
823431
740854
266261
253701
65319
783369
166043
174766
834707
819569
508740
472583
76121
554043
67154
45989
124581
166369
50549
55526
593290
544225
154157
725907
702014
280856
427513
706643
838747
8694
644255
797277
749549
45614
254094
17984
32099
488155
192750
69923
510840
701490
610524
586961
390632
745696
632950
583231
47163
751517
638757
708471
430841
792915
569476
335971
208869
200106
245730
182714
208800
25083
183107
93447
70697
437201
111431
170815
60454
372199
308756
571294
208788
54378
293353
667438
800074
129420
385767
50353
16035
227641
826842
514894
155654
599435
850866
432541
799541
231694
683273
143439
256778
1479
304905
395493
438680
484354
634326
567153
856554
78180
273545
268458
132558
634917
70994
135748
764337
456761
254119
848390
684402
284078
498383
43172
18611
484347
543731
21268
784059
362103
232725
175935
431600
537630
639447
73396
225101
408871
640549
216753
487052
117211
553229
687628
820146
624223
26493
719581
284100
348630
771087
171619
632708
404568
214791
719337
92031
826541
808623
79207
391760
176447
255142
823360
782095
97705
99872
142294
506577
808440
427065
196745
128767
115392
87489
84011
807633
113982
6708
226832
530631
777795
398451
366455
385480
681260
220891
545529
710917
232630
624736
237775
409077
82995
264251
326271
180700
432142
536583
755295
375680
98747
87138
504447
282157
174628
588458
224889
356628
595166
519739
22357
576077
53288
388813
96655
802566
677722
710203
648582
45450
470037
89473
454528
621050
421743
848817
801751
853885
520498
760162
364663
687263
847301
72226
104519
157027
660684
397426
513655
458966
52263
536013
170141
173569
127942
334815
179251
805664
180116
30949
851114
718171
120423
508758
542338
610184
492673
547205
599167
216288
442465
98928
38649
424864
239172
211186
649909
34954
608612
298663
561938
728893
37792
800097
37560
233752
270010
284830
174514
518144
315779
228744
439432
504220
737503
116868
249502
433292
732091
51785
649580
309654
218731
756248
734519
457903
102532
519526
560875
779163
21305
257911
643154
127115
193107
748733
360867
531135
236679
603399
252396
552458
832144
759846
259795
772763
79830
577315
341153
811921
629101
193850
256673
847832
85196
194308
440834
255746
781853
136807
170007
6274
462737
16278
133390
655844
833029
562275
390095
204806
300773
642491
757264
268015
605453
220175
175876
685283
797491
585047
632302
629708
846915
92092
612638
135227
286400
256588
390974
271369
393396
628999
277644
59249
713295
479052
783111
681422
176425
308304
21326
477198
153912
846609
745213
759365
201882
124205
579747
202489
777271
347147
832197
759284
439239
579934
97628
793658
39638
488602
200125
501052
320717
545787
560301
169111
159937
478510
53649
336363
786815
74976
813561
143843
56683
761891
38306
326583
89212
618053
529073
69599
168317
496368
828884
675574
279418
61610
604330
319057
618230
7572
820109
142063
553359
515509
379192
713297
129117
432842
252776
119048
575836
201435
262891
632519
166442
301198
94200
323673
122367
691291
393272
358702
322758
425272
169375
670194
486882
841723
124349
308228
52411
147575
518310
673789
663084
32600
522184
860219
533460
842978
182384
244394
247529
445275
12011
413972
814491
174230
805663
139975
619
334033
498677
391395
759306
736070
196688
449304
780910
389055
825551
36437
536630
478959
710226
402830
579577
435526
466166
248136
413602
648550
492530
661132
228923
572560
278220
246531
814808
218981
386506
18543
553014
88299
409939
515436
27486
674645
99839
808396
198798
128506
844833
803447
607465
758176
341375
390158
328800
807541
638294
742403
591189
333941
538633
23229
41599
816853
269760
59523
238950
724284
78066
791964
812583
556023
510517
840069
365766
678374
851581
632583
806880
34629
571128
617461
792805
115619
142717
324721
58259
781012
202222
717466
318069
808873
808713
427686
828842
281589
487209
202890
140971
565275
197971
156671
256397
708488
199856
690181
521960
254554
457862
463938
289183
164088
216497
285104
347726
427232
609825
405985
411360
15164
326567
729429
824037
338397
292213
787978
619986
847440
193984
828976
615832
391955
188763
75345
235541
456637
765526
825519
711191
426505
424555
203490
658611
709070
488594
141435
339419
301536
615438
750779
316700
77104
615307
343853
415501
110636
334947
238603
161193
528932
202677
777025
124003
459458
852370
427563
51194
821012
388180
762385
382615
15852
168992
176325
792940
725604
317760
267457
162238
68297
153335
546956
213419
836660
25908
696938
150412
360855
138657
311605
24885
409353
291746
148889
3909
347232
644470
55103
303343
167748
20605
753976
183600
189597
133417
179657
118317
451178
447114
280556
587493
668467
30628
4028
640225
56536
768984
858656
417392
42739
305359
510295
452092
665124
727202
456002
147454
506770
579123
518815
742537
599728
407890
129253
857343
541307
308910
178777
195601
756025
527351
851112
627608
557979
855140
470950
614516
759222
464704
235024
5078
838081
813337
457170
638303
675638
116288
785758
385524
695412
439671
263159
498256
50677
392413
558716
591985
701323
737493
855604
660464
399942
841815
491189
93019
832053
97237
775553
794392
561941
145675
799470
535120
162129
459756
376540
837767
576045
365414
358389
406555
8201
689567
39909
58879
217078
598625
718882
121517
539234
709584
850000
74274
754515
476287
235312
789685
641542
145963
719175
338581
359657
721761
76817
521786
316615
521375
562669
27758
21887
124174
502331
30089
16857
542241
88968
233935
343982
10966
423471
86333
788568
476587
160607
678182
155990
463937
602965
797532
677919
525256
339229
172674
382115
416046
762478
766748
72520
528263
794507
162425
720455
431936
192514
737313
177293
349500
174364
589294
360466
597835
675627
352151
277538
39350
165431
433528
503288
768396
434176
316305
428750
773405
556997
13981
324550
522591
780729
465088
253970
778352
627513
109523
413405
23144
846836
658716
440662
156299
383108
4245
822152
261851
356396
234789
369220
521827
736335
7606
493339
305610
391929
125205
282131
152042
139186
606681
742651
123031
274885
131719
36482
105515
241242
449887
196677
291195
311719
637339
447494
762846
641584
472762
159795
201096
775569
529015
790941
647003
604639
419378
155729
199684
544583
437860
351726
751787
247658
229475
9917
590561
429212
114417
764094
670455
632322
95869
96748
79139
801227
612260
841985
645927
220120
204897
847024
130788
801930
773063
845809
609686
327540
204654
809370
75239
710532
364213
30143
93288
661706
40060
751868
226017
222495
651060
99588
854817
746930
264354
137072
683255
11712
114156
464280
299850
387071
514420
498656
324099
422582
547581
136901
818140
820253
81370
96495
665884
513601
126638
827190
310405
166698
714156
536422
389193
500315
704028
447126
450361
103480
584199
336732
183210
766373
4128
551079
288542
518549
184833
680659
144247
800433
817561
97485
755784
102047
193980
624784
615648
388637
587073
61151
555335
504345
665592
147645
207776
504718
662789
658137
608199
382086
197985
791409
351575
202114
477586
708135
788681
730438
523893
136044
733987
544570
301547
692887
646617
495527
452770
397363
87280
242959
526532
642616
747304
327222
858279
90179
831941
724184
816334
575238
309387
149418
569763
660962
419550
250466
504196
411347
184020
231205
547391
121123
775775
848938
814010
557490
547581
469896
157969
634862
712855
684501
480594
595258
146822
541989
685437
181879
401271
636869
825135
710658
854305
529996
574737
408953
848480
214031
23416
235616
445236
570807
356739
424127
554843
305848
116715
237523
775744
342702
75501
623698
162301
556095
422072
309123
233182
310625
491002
634453
150610
519253
548228
140014
184348
258063
616985
235944
472094
640402
471561
120446
346307
828300
544573
104267
337264
729306
409808
248107
207106
485309
74921
437425
176502
565011
814567
477702
10734
508685
315271
161344
163037
863499
369376
347385
256660
121460
651347
796772
829880
258006
120334
311285
221405
732925
483570
626687
597329
28476
9892
7551
513785
152831
444977
758305
717842
394642
371105
728576
106443
686377
93037
269480
684974
462413
684883
144751
583873
471329
144639
548851
729335
264974
63253
153856
132997
546823
780544
798345
643318
858454
805896
292201
214402
453989
253623
67342
51747
624728
863937
158191
514221
92072
427671
402312
554485
247653
547063
341475
718982
691702
93442
651433
159792
224713
8406
292790
839555
856968
226233
617971
850520
235245
113288
200020
757253
366911
335381
809000
194756
334416
170307
708977
494506
597979
246387
252107
48748
861468
593582
835748
756287
755043
622279
51177
114854
698703
411985
157525
690769
706236
775496
676388
76580
23883
79524
36949
458812
414905
845949
653568
817339
219373
565662
446943
20468
15165
699051
69216
79750
495749
40062
836037
385890
730359
90330
568763
632179
502316
726288
458046
343650
636883
269532
488248
728784
417075
525197
322694
831980
574263
179379
852436
793636
745041
434477
814104
760206
268626
86436
839956
764376
194516
14207
353382
127991
104538
57243
760170
674872
851550
353315
221638
623531
690865
777905
555431
243038
438200
81241
278135
215579
260620
265669
144313
140759
768164
161533
104082
239907
247969
147154
207399
442485
161362
560781
570477
333918
686043
465745
211906
672691
819060
433544
499338
713042
346547
189867
91178
852766
339126
437331
203443
599747
771018
415775
808524
674281
577308
115722
49286
825278
262877
256685
470879
492257
20582
244472
826175
774643
710218
241197
582432
732394
674741
284886
580534
224405
542771
739731
212269
16996
380178
483730
616743
286295
34603
628383
163692
679930
744106
212978
708324
142081
537681
314301
702356
626281
558774
663629
536023
472108
107942
321571
407618
782683
606458
123251
210204
352345
66098
490491
369341
446276
177338
189200
800589
211941
817584
99379
94987
764806
380375
803311
41985
121172
320729
744341
747454
82619
611086
486593
554727
719028
11280
97443
704827
685756
288712
118148
173200
422828
608639
610559
4203
853995
799760
804792
201035
820460
107288
364040
720364
487663
302450
830367
608836
691197
777824
559406
773816
592026
249115
531659
514170
260395
697120
422113
81250
120931
540261
254450
611777
352017
68125
615980
341110
2983
623889
610163
26559
731177
109302
814941
421956
479770
780406
165890
374083
761346
793314
282997
488470
177527
17772
137738
437923
714892
559852
587191
38939
235211
44757
650717
655246
112882
469813
131455
183884
296818
809636
210443
163093
54036
228501
653068
601824
144005
22074
111005
108468
815389
462020
596938
196032
479792
734677
701973
397801
497645
424262
504758
800874
537037
290573
591219
649920
828405
790692
833804
260321
735426
247363
491433
857481
475864
279599
662421
687888
369691
773427
796356
320178
370545
528392
516211
53454
466185
421300
451255
166946
845563
159129
102919
517698
517721
762156
370734
481224
687946
339636
809563
626488
655018
504112
687085
265980
851729
484605
88966
356519
461148
88438
676697
34809
616831
396024
88263
286132
817325
607536
453079
1102
766666
624016
586818
419485
521270
92651
103825
412332
500305
48486
241936
358439
552599
64120
624420
539426
616743
781404
31043
212989
4941
775759
315816
689790
374899
472098
179038
395340
214732
700135
396442
184514
459249
186377
672017
115617
279028
843860
527949
847351
95463
837904
340889
716080
105140
168425
458622
721883
152945
489666
137988
225904
468541
453804
118810
46556
61000
297849
441897
343751
133082
838339
596283
592332
227832
471417
775967
574878
450375
507033
557328
613856
480035
101333
465034
585175
269758
58755
442156
490721
616439
648162
716626
220078
305082
835436
266634
366083
268383
708531
777852
469484
749987
577251
264932
180935
183766
175997
755814
702160
683030
516258
451114
366181
617591
51247
86454
90465
178020
596628
581186
794459
379888
432910
149635
752989
471463
484287
322188
807864
395935
235138
412446
349038
15505
677378
529973
199272
56492
488903
104548
807540
140259
623680
308820
757850
742945
395274
51431
56063
195019
700636
850522
642925
268644
203273
531012
808125
755579
853200
751088
286612
291454
298632
703668
306960
179127
436757
574250
235619
60759
678798
178257
201018
437576
487077
161985
383638
85468
213416
439701
280487
49150
425322
126528
385813
628595
657541
329036
519272
645839
283240
9000
140410
581873
780686
447370
829018
352542
156718
199735
481319
38632
446010
682337
544226
136204
47438
62962
289690
328873
502664
638195
446041
131102
764723
34970
759697
557362
364007
482086
406318
647247
559104
546728
432236
474889
197214
396352
30547
421950
664105
511866
460582
313232
397319
139906
449436
512776
270887
739126
841649
841569
580437
422788
107769
480258
457759
70582
240737
24882
620686
715073
740147
314889
464917
375500
857796
662131
839870
91459
219179
639074
671343
747779
87404
271778
90801
604858
784554
361688
547100
761301
338355
262635
387206
514142
810911
48081
584725
186746
140981
340509
36917
84244
723416
569852
459744
716310
367081
434713
807769
654278
276903
682228
537155
432325
89105
695975
172281
8757
192761
719381
838077
599135
185132
428399
248375
131141
476480
36216
385906
685479
376726
490841
769723
235240
195792
364566
154667
630891
2395
165552
488286
347316
847781
228557
779641
71984
59630
155038
80741
320410
77535
53916
54643
262667
482315
371036
461826
161911
407253
847732
847390
783979
473672
820230
222335
737482
319894
377002
503471
390307
542555
126855
737623
593452
355413
720380
665436
415043
10516
746177
803471
88051
3210
858114
350718
553543
432267
15660
783473
839520
863393
833979
826615
472163
789307
252066
344743
312317
629069
51330
702624
374740
178186
643363
103290
601617
498841
836744
219776
577375
786037
158346
665426
789247
219576
219260
545907
651843
234921
464478
626461
301430
501573
656192
773593
425979
43357
321452
738296
740444
440800
644037
318300
687004
422498
489608
423719
124456
461450
711514
769849
450603
72976
570374
374949
292552
857652
123972
79494
295689
656468
773973
597119
293139
633282
573828
719118
744657
98396
592513
620199
539197
439666
141615
361299
65280
631223
853037
257754
295789
699649
162702
746392
772625
801094
324457
268293
793844
516447
347787
224632
308013
324877
821751
601153
161275
598696
523387
41030
697092
319016
661229
371387
758682
5960
732687
823963
705201
788840
216815
204106
623587
379517
153614
599328
315709
478072
2719
312670
129617
418525
605320
505649
811420
630187
309918
107793
363981
833305
148823
196172
287420
13168
567559
249218
19128
503362
276297
792347
427300
493113
131551
254003
75746
285165
853331
459474
831255
59167
840162
95971
545710
580580
669638
492228
345865
114654
668039
709847
83057
19978
41117
438495
33146
676694
687714
120292
315155
167127
47737
742455
660240
247306
131557
804005
532471
188004
466595
498825
315189
441855
662814
860899
225551
467550
556243
571416
650222
359380
484379
733279
379358
593514
374891
480522
405307
265721
668832
720462
432848
784587
666033
296205
166991
706
303326
767481
256729
769921
401404
571918
414892
267334
635934
640443
734884
327275
414975
520204
686656
102471
456599
269130
695985
34606
817671
236390
300327
621601
159968
801194
541287
29118
232497
776296
29824
535823
678875
354571
508860
283395
61588
126868
550729
697522
835329
488729
227913
453420
212049
49667
555891
668649
386816
386975
703255
339585
691383
206699
164302
851352
142991
773607
15568
443506
753020
113410
182445
566993
467982
691305
850389
597588
818173
604234
498226
856618
228062
726139
445136
440111
843825
136126
311876
433757
591119
218248
841360
417600
424947
140760
404050
635956
117484
487636
214560
5602
669065
397005
640613
340163
291426
626100
72849
312715
433451
571075
304431
661513
500330
749567
236722
479253
88809
616617
116126
679928
834865
92584
232627
394910
233345
704695
165964
418847
395448
448542
424449
199611
845547
200160
539774
340089
29377
680641
652804
462828
454832
160351
327457
90260
45016
632197
637532
201844
383912
753658
16870
353875
846243
249497
816803
282704
157309
185883
701551
552757
634425
329116
752368
683088
597294
495258
158275
694689
310997
14195
360633
765829
174546
688090
856089
287581
523404
696737
489425
42414
585494
506295
464308
634853
823811
416209
120673
116218
602093
822224
668975
371616
354456
624459
257821
86848
254815
416096
781538
565812
498310
277269
466739
672856
168476
525944
163553
691880
357780
652978
734294
146390
362390
333700
781243
321299
817928
105032
437517
555119
130372
309608
129851
484828
69165
387672
639694
323980
6885
556330
92908
505195
36716
559647
381167
273210
288707
544721
100188
646487
332797
37598
860895
695187
439317
845254
219602
392343
85384
725137
150578
215756
169843
280429
700584
307026
668102
543395
699024
743005
302841
791932
383298
339557
554695
832483
612767
843403
512302
780973
693006
48216
818572
757018
811421
392987
737370
166122
853348
822755
94375
139024
241627
264219
419453
145328
639263
290671
688723
541404
168774
126662
468434
620090
534238
226246
587672
350121
272765
303090
266193
168887
351306
219863
61003
297826
680868
798374
531966
669314
824245
694359
808338
200970
161694
362889
414316
800958
721579
238137
477460
25451
432818
149010
713560
102154
375256
436330
452275
716039
739420
718468
20025
293843
141447
81028
659687
822315
82518
394769
694745
41861
224226
638181
310850
385921
204187
725166
321977
60864
166420
2553
154333
599238
151563
71009
769410
594838
507339
356783
445975
449876
278368
466000
743719
487833
615047
606522
513265
697565
136389
343108
807445
360615
184406
321411
746536
388593
249693
271629
517475
416113
274182
739826
218467
493764
810836
122975
223700
521291
547777
737693
106265
826145
406810
53100
449076
156955
659622
97439
57636
796011
508566
179
359743
692972
321590
241377
216663
639302
581025
802156
190513
855207
745098
476999
552087
691032
599974
775787
415440
282849
648579
589723
312110
190487
642824
761187
415460
505562
61742
473096
504690
570308
473276
864433
398378
862884
308926
683059
705302
25049
688331
30914
83373
636546
507913
635460
530694
311003
546346
81232
661871
398041
670956
109079
656546
516896
5364
207104
157556
135125
748218
662246
773451
424610
661777
374946
490611
105802
261121
331011
130851
152569
361925
282242
789115
72954
52801
454907
451976
667165
536140
248945
200304
342194
358024
59966
859090
431407
335088
219762
634550
218404
17107
543099
643015
746902
53143
268724
852704
382283
599735
186672
534852
164777
468914
459065
305749
589733
49070
757725
391996
653228
209786
592300
198538
567811
720284
260744
202334
190470
480507
836884
408875
497614
583099
186988
447632
704261
455712
435435
221642
258563
690125
756494
423340
362155
418675
797108
86987
535763
689931
478983
324090
102834
274400
522628
670645
129782
783373
76095
320253
466996
116095
729128
167726
699194
119232
615358
538553
642962
253909
828213
36623
79132
719805
527982
509306
341596
460188
596293
12458
353235
278392
336548
456069
552792
62292
329830
750593
48781
405925
273962
515777
522020
206206
683503
424331
325438
433960
97982
171516
687869
129312
208139
835020
52233
804139
479424
393830
399425
278833
406288
820679
557225
810854
411846
313134
8244
741677
198825
125044
350718
472787
640821
75855
747011
527441
500186
207547
164517
666186
447081
55502
795498
655220
25620
847732
662476
573062
376660
265017
851895
850966
220794
612237
796918
632641
60469
8278
577434
327312
133322
63250
3215
842162
207123
750226
504701
707309
160889
669218
508594
607970
724720
507208
466306
818359
490038
263880
526519
69814
596916
581531
55878
817710
328866
55912
653467
457353
64191
434017
852683
265531
565286
855898
242791
772409
809240
815510
614817
105227
687844
326527
781215
547663
833735
382619
569138
458872
714518
298773
528686
446532
83420
652583
467358
480304
708495
255924
72755
840704
757959
60536
241334
458343
119550
552143
365851
63888
502752
183784
237133
325694
510311
153446
76473
479144
536066
713629
141132
453700
147501
737837
35330
298939
525518
502688
779244
369111
826630
55115
344914
719688
115652
586248
381147
303220
341507
746998
367109
47375
133898
672260
441088
644209
825707
517561
326470
564889
434307
535620
153687
649826
408555
257035
83863
69171
759723
863107
438283
789470
53321
783197
712274
236991
572561
228519
540211
117184
178634
110436
164560
312532
850715
605648
159858
811520
326325
554346
511507
760632
225064
733212
545556
633620
125345
697438
702791
20166
695643
344190
12752
816982
330503
725026
257089
106180
156662
417
223365
335296
110853
387925
715846
96666
128671
78820
111302
523014
633166
690827
418745
858231
559137
167417
694967
684482
864855
532856
772667
763615
80163
853437
783713
410666
713562
175901
516847
73340
176318
740212
408636
355189
331253
327598
519874
527942
406419
631176
186054
242701
457102
672817
236030
219355
840235
134113
106954
43304
666970
14719
10035
815151
3254
793749
360915
784834
104748
80878
858174
281066
821090
469926
636255
355459
641
291227
18499
407060
125520
204554
649761
650640
80487
88908
5093
55820
223021
112047
167143
93107
194784
177178
43356
266057
174043
472290
185989
278791
553168
247280
627875
577375
785224
467247
67932
785865
826492
86432
328023
87110
359004
180901
737750
439491
337827
810862
563330
628866
126025
730473
721974
320810
110767
833348
586867
284811
440736
840874
631620
197021
291270
394594
774396
211593
861841
842328
132556
823431
131876
528598
113658
490880
777517
54524
133488
250442
68502
696818
14406
194528
630407
804398
583356
809192
772845
373339
229101
416697
417329
63838
613718
708600
526450
591230
55291
523389
636675
255865
549936
768551
784463
731612
394530
697078
854155
528018
150636
57755
427952
165043
252283
193457
172557
38755
137747
148518
412094
434867
565216
829424
566723
382050
673122
228271
176397
796431
819678
813072
187394
572730
716721
174974
439441
314367
75168
428694
45501
225805
554467
473453
458866
806751
734928
631423
48622
75792
779942
460717
578677
548274
425239
280498
133440
301477
576787
309837
301024
531563
258007
488418
307409
177845
731410
746850
492212
806579
378660
605732
167482
68226
214283
626348
78093
152328
460887
126715
296138
375927
655450
9913
127317
283805
358429
260758
653300
138332
570595
89422
669895
31719
645859
112402
209564
512367
62369
769794
522062
509047
510624
689544
645291
792926
519008
791402
80352
114994
121234
444508
558939
776684
522439
686257
263606
15966
150131
52004
222316
720726
141427
27309
820463
787286
207729
233143
502769
338116
138036
159930
847164
648660
52590
695571
644702
571599
622072
793072
754611
743306
372678
516666
723106
30215
406039
121810
114199
556170
173815
336515
480013
315242
431842
435574
305644
707590
668718
11529
180804
9870
171459
231084
726548
292068
61754
506349
863667
751844
434519
821394
630248
10314
473158
488452
40529
14296
678281
222747
570466
852096
559262
253595
370454
194221
689170
744116
36909
561004
755645
285731
570874
130221
516816
432520
490307
646588
73967
489072
533530
576505
513582
366894
586819
189856
58462
695366
272170
736743
53211
45753
791955
680492
299348
365525
9811
123616
244739
114738
684620
203501
400469
458610
401740
120401
26229
27145
835007
100196
584235
571653
676701
300933
73645
466636
490789
200126
297101
762960
71967
350312
11829
67039
233920
311177
432564
243731
502812
745322
426487
390548
83921
30073
849159
553679
150474
10486
580824
188598
178700
368175
760251
58518
669108
37013
525154
294995
237139
25371
261071
377124
375684
272900
444163
609604
584078
79844
56452
290006
825166
550957
680554
112203
581030
664811
665882
799523
743315
381804
123219
57114
749979
86586
115632
554185
123599
708804
52296
360738
734176
313368
737863
312976
654286
385142
125696
441480
464986
250166
731486
493268
801124
547139
605471
585270
415066
406451
519891
293480
856273
711128
350594
809368
797715
534244
566669
124430
446164
618966
485169
315438
135450
426148
696432
789736
14406
822129
366315
547411
275411
300917
175777
211633
848056
781249
796904
398221
322798
519911
691701
314170
434156
245411
326654
366969
779655
28422
491399
428935
647388
179684
812392
782838
673850
643922
775690
756275
669167
345121
438784
79677
646039
682579
359328
697211
598926
359348
230530
124841
14358
125347
507029
448514
370758
833683
18599
353529
862105
578016
850483
644591
825719
797973
630545
702685
576993
609352
594058
449277
157589
235958
596972
803628
53636
91398
703956
652562
450747
69584
845421
533123
262950
487548
184753
701726
456330
271370
258372
521551
52502
243953
369259
13319
177024
202920
784023
822035
812272
581197
474428
104960
817156
206498
111704
5890
297897
815660
726470
816662
88361
775008
552901
419329
397654
805672
256153
57100
280158
582543
578652
332660
29612
151027
413998
274654
353947
333119
231788
369336
117432
774234
542314
69686
115831
654018
143594
481746
672795
73181
433506
829174
848189
189523
383601
448959
130293
707772
506060
410451
425414
287828
811129
455026
438855
360225
729681
860820
761362
164585
365254
13893
73917
42666
151597
257766
696685
295192
739512
572596
436391
308116
536868
419678
565657
123585
3735
695950
831357
577813
309517
459887
68757
255745
50012
575630
683988
847711
571549
580449
215412
71901
662360
289329
182586
813957
615114
82387
244247
489724
654983
680638
957
394967
303432
566614
518552
375186
465681
553025
156115
775198
148011
224873
234059
266041
3619
121164
248850
575168
701613
464262
715088
567089
821609
32772
516144
571821
115159
828410
196644
838160
712164
265619
368225
150695
832233
89893
593899
501030
642918
750014
479345
790929
109985
713404
192068
113605
834568
440918
756791
739297
108296
674995
441484
133022
707767
160745
772861
26042
124253
172621
864202
836417
438240
435543
190228
405572
525436
784127
41700
303453
669240
521045
229480
847243
437566
489567
163964
475250
133601
123872
417664
241898
798867
62264
442938
641733
223009
350897
735793
415280
523519
803112
386796
96857
373753
645042
570447
102306
564268
680166
405759
368606
336309
703257
418965
841893
327922
582930
520260
529542
706802
73022
771440
640767
135286
417494
485616
426314
768391
424526
841594
427008
362736
431506
523866
804507
211647
229411
41911
843933
44675
447670
415655
449003
354044
834620
494012
749984
620666
149370
414624
530584
222392
389180
374468
425697
806674
860084
852011
710164
487726
31819
340288
850462
463326
864154
790068
742991
296682
831979
790040
409375
482766
340793
61494
39926
310511
555507
789910
134294
704877
407651
664878
130386
796831
174444
624101
806622
237645
611210
719902
725371
711047
195288
710932
377489
194541
704116
323596
559241
739211
248734
103714
357075
589527
233227
397001
103155
788734
390028
237449
696727
797679
105443
30229
729608
279888
654330
739346
585551
468656
594346
446020
382820
789635
360068
760309
187292
267300
219004
746533
141610
467738
53363
498685
260382
286590
98803
431555
278440
488831
669004
178284
421608
842465
276531
354332
325469
65960
228777
46118
602634
26239
492139
120552
815874
55323
83978
138264
322624
302982
87913
464234
838738
141277
166035
302236
495885
264838
733791
842344
821687
605911
223744
378393
583475
500275
800744
44042
634253
232637
90161
371986
258876
650318
560556
209849
773659
644534
416131
231381
150632
504045
763633
192487
713340
64767
494723
412341
397623
363613
389783
354409
172640
681545
732802
756115
316919
736662
3274
86270
104397
161453
526274
363274
811771
221929
641141
720528
69579
192370
155026
220212
696415
53757
480717
544853
118524
110538
92293
516148
542169
550094
73673
782828
366738
806475
674041
751675
746254
745333
837945
850651
41884
567336
417041
853655
857283
193280
777300
129978
385651
135442
418208
285182
189199
34023
33152
375742
212580
125445
95006
754749
743557
168679
740693
313411
178270
549833
200184
59622
430264
241246
113390
540167
808582
530431
528920
4079
723712
509336
134057
312479
644778
552266
597661
37094
586289
630813
412836
798869
824276
575860
756735
770950
744539
632526
219459
125925
385475
419644
185548
18856
728908
366956
559023
740606
32485
291059
744685
824215
3512
81858
271792
716308
634124
4552
753402
423530
703383
369354
425515
662758
80312
385366
568806
27967
221009
856283
153893
674502
479043
407459
693358
343049
774415
455497
218753
10016
814575
166554
834232
21203
316431
241122
737511
85653
313692
626012
577201
152174
198482
205833
18048
278795
591199
654872
374780
15324
714271
528673
689827
328413
139248
586301
739480
116779
244915
161350
126796
194588
327904
96126
215791
644335
405266
156418
798007
786977
782430
578324
74249
116011
784157
160315
462824
578473
18303
837604
593797
732574
569394
418722
196085
776660
140122
70664
28538
385037
232014
223352
647643
627936
387496
66550
475388
792762
222968
476511
782855
208515
189933
857104
392544
109189
220535
58484
687662
238838
31186
416557
106511
668598
38396
302596
580357
246536
441278
676913
699591
741310
35363
482332
504345
422859
616900
182849
418737
839868
659360
336691
251499
849293
396911
644043
161598
617447
770545
52376
59401
801732
536952
165912
673446
575348
536527
456919
25000
180921
268930
724591
57330
304293
410039
629693
795170
162037
812542
417024
205021
675018
821733
524539
727427
421760
371698
24124
242323
277342
76500
301725
282190
681470
535655
90734
459934
207280
547654
484934
456220
816584
344623
513550
323994
754662
346359
322280
119815
293999
807322
392855
104115
764153
52492
831542
389030
492208
58782
631353
769550
203301
68176
186838
19869
671850
277573
479804
82246
28343
99836
538466
844927
512478
187114
372037
470256
601491
762336
658090
30588
704756
254061
202721
672026
374571
237380
196154
1877
364180
827507
771428
567481
98800
93364
655369
838668
438955
338289
56012
467298
506143
594479
515342
221737
849611
90495
691994
586201
852831
553200
684807
692686
807261
90645
499810
316930
328025
763982
318807
760223
794605
225333
530821
28503
386716
321288
2269
825671
727595
126300
496086
368836
720779
214544
658592
773506
305039
485684
494805
292969
173982
382729
120753
116341
473374
688581
433271
4515
655679
820096
764738
585382
180528
430657
681904
635262
819963
752191
664049
750674
13589
295233
322627
802386
509777
116317
710991
814817
670019
408912
310902
844001
791641
499673
163458
400113
323352
664747
472646
182147
619941
372483
767529
3585
6256
652549
638847
29336
539839
437995
848028
621446
733228
305753
558931
446122
422070
473038
464055
227187
17048
774957
274304
808690
409728
505780
411919
801098
305625
19664
118343
60665
460165
88988
132268
534439
741538
771116
631793
484493
344209
614920
241037
280553
55771
3084
794693
545860
476122
393846
841065
493171
303901
318486
504977
713629
824266
120012
717843
264990
207694
836186
393673
667859
60273
525941
405415
4927
500173
172306
489420
47498
787226
730457
396070
46114
733542
325861
659992
412780
787726
636155
41049
294743
89739
614044
143471
117122
734057
64430
382112
76849
35715
843803
812727
164006
572860
353240
168933
208132
593564
658353
323648
583907
591926
719718
698039
528584
248696
493129
76463
171520
332400
185530
466263
490158
799575
677752
607280
736748
742183
192508
16713
845916
171409
829440
145020
812287
385796
381971
155517
114459
175422
547184
766384
835366
402000
599521
499049
650696
227748
643530
25332
628166
32176
491596
253422
831751
372464
63818
771615
249745
256326
788329
230759
495753
820885
443797
443139
341780
825768
666674
524257
204306
348956
425739
174771
750957
228376
741838
604769
456124
588484
630102
287406
620660
324814
540829
655528
697278
604647
562241
150140
860974
553686
448917
559843
509670
27813
138080
54566
56697
804755
578823
261004
356827
207678
503793
310900
436054
448747
50768
95294
172329
748888
382700
792989
208800
126645
651633
109194
731293
416991
259334
795383
105775
708252
558342
683463
804083
696423
738029
860780
704294
519968
256882
196219
795664
828693
507120
434834
412538
625906
598146
584867
509892
115945
580973
786710
310608
435722
31002
176999
852713
290337
175498
161605
201705
733841
845068
140886
633380
786214
136764
540790
509298
461665
737009
508079
493474
447245
78011
41111
276267
676158
693996
786159
860121
478085
775985
305827
48906
806988
550845
36717
300441
794361
266340
502146
731318
314525
643032
567814
235837
847814
243702
813153
512595
183828
456330
141168
631073
602360
182279
42439
481634
79391
31714
476853
557477
807700
850698
606383
749786
536641
711118
253343
534119
112557
755489
400535
495100
601637
103448
730937
652567
347150
747206
300261
598996
406653
509447
365168
212129
759744
475625
693763
839135
507339
373732
599728
518155
359528
341209
471057
99286
255444
724400
633405
436019
614987
237056
66217
419740
408522
270
207406
823691
815494
575685
557785
357245
220230
58051
569374
115072
601694
398235
157323
244132
839985
757052
830305
334612
301377
436461
433898
556821
295959
270419
195956
114063
575493
262173
533803
119114
330461
809227
77903
281054
520010
635688
638299
740240
761758
410790
58428
498550
12141
283770
810700
852127
175920
776104
321837
477297
347663
823753
237235
711640
297288
433191
825703
7879
763383
494605
126993
228942
438930
272914
509996
94039
111719
351412
37395
8575
762202
163842
575143
774343
447612
588960
829586
691550
568180
354539
371963
50941
381408
609198
830599
678696
245506
791401
754594
143987
421104
16685
440947
63150
357618
154060
225207
469337
505472
330621
477912
470790
494463
256171
448249
145191
845131
412934
836741
548409
767473
343802
667368
283980
156117
633066
97774
401623
559565
55484
613628
183785
140188
257691
246935
497806
411751
540161
102241
120339
5880
648171
591129
500343
107458
174477
713552
87688
587411
685391
704115
558000
232309
506582
841980
388426
342764
142871
858067
105445
198355
674811
289230
338543
67601
604183
39465
547370
279442
141706
667710
285322
857895
393937
853683
100452
636432
702333
188140
358941
522822
95371
52040
823150
601953
97136
346674
147833
240007
407858
253278
506381
217767
610526
48040
353386
349808
87506
35855
697268
297230
703565
117689
290224
300618
174488
390676
72149
11920
646834
499108
602760
742205
619166
561008
547275
716303
110799
695108
159426
586675
151503
733825
7558
762029
781866
360945
314953
4470
396800
147320
301700
303481
333027
659942
604099
507515
185716
744266
587453
35666
378473
325312
845890
132737
89436
528263
849040
268253
426487
211583
58044
577990
80506
65603
543136
862372
426548
858089
69958
26464
140507
371659
329945
473534
166699
137160
184166
420434
16525
771619
456100
394998
300047
505106
527735
457502
168467
579892
793773
662973
791475
851818
444079
7079
52519
122313
4550
547085
115501
142526
573549
324026
514185
38592
677
748903
175752
184843
372453
260295
91560
31669
655293
459626
536776
386145
52226
773261
101135
845999
571332
27708
832915
218528
102805
88550
340841
175373
635635
524360
317900
344282
51503
35201
450892
52180
784104
694663
237023
359673
90056
396601
391343
813368
59343
63217
334611
111569
836478
435746
160685
610927
531472
128698
829455
702295
285267
373412
12767
56000
100889
398685
468301
152392
433886
54291
204572
421107
816972
509613
780780
110145
109330
375239
58611
168674
438456
393222
348261
478051
32084
508946
224076
631574
705663
256647
468967
126028
630059
549752
250046
798966
151553
718347
86456
653458
840657
359046
209663
792727
71775
193559
37970
181106
568799
96581
417798
142353
557821
834077
688422
589905
478122
115614
424595
386901
372261
96679
580947
205437
714449
830993
139501
1101
684439
225958
654559
660194
653022
67338
588019
724798
260897
694008
109020
32812
790589
594836
243184
551527
564011
66704
276530
245249
182319
769144
700168
554580
921
416213
828035
783388
382305
102635
852507
201842
396611
642164
65152
184731
777520
653171
112645
173516
550295
289683
206328
475983
19617
517530
162608
651647
584235
507156
31994
766554
479416
800181
524250
548355
351492
555402
466842
733797
658037
454447
138755
257764
299728
203907
510513
212346
60195
623159
453880
610490
47940
728227
221571
135576
380855
452197
787223
100188
162470
22333
69858
641886
822514
662127
325340
309105
352627
792182
246018
213780
449745
384774
539562
749473
588681
185173
96918
648876
11448
618816
394465
127407
482141
684054
262983
862997
339368
185304
166301
501838
275655
236160
278822
301286
101403
604162
610391
522048
599460
59525
735828
184304
444299
410488
136893
236097
663679
301829
20071
675128
55744
482554
802535
537885
301707
200616
603998
709093
453938
770300
346029
797611
209576
624851
233995
310979
432130
47502
833027
234706
107028
771971
487028
551327
385575
691940
855442
184352
128867
10612
859480
184611
561184
797113
790515
66007
200845
529611
775100
722801
503027
256227
655511
780621
84195
24604
226698
584343
72107
262841
819049
179135
237928
509194
798480
623503
336232
789021
10972
465099
2749
5550
717729
563933
5780
711360
697959
274643
444087
608157
132543
82213
864385
788054
862834
151696
812658
292649
736039
87881
623508
758204
335034
64553
402496
268613
756074
806746
260750
767046
474962
263499
840615
327789
30548
49511
174247
728507
324154
618334
539781
524715
768565
607282
515885
834516
758978
531660
330281
698133
619541
88887
591435
89674
153440
197048
426305
112631
206910
687055
14775
681872
153670
855390
144759
252236
108017
387024
115842
432172
208475
723641
160003
112138
466021
675889
81752
360097
342647
412033
193328
97286
568939
852781
254978
790397
252945
681283
38126
459856
571454
120920
276826
725124
179426
489604
112459
287444
11726
296319
787634
288219
155058
82735
400358
689097
758624
550128
184292
236369
165278
445638
401674
802235
433517
656652
795748
686463
473034
36991
349435
179586
157911
626261
107827
337337
318981
288304
624781
398726
652641
547513
686945
10815
698267
290419
699912
591989
840548
19302
31475
208942
532958
433149
214293
101573
292917
145139
856054
833969
182130
340587
148654
408059
169965
324499
745397
488946
612803
573294
22770
468560
323924
777734
479375
157289
203251
314385
817296
246915
401705
848771
455857
69761
485036
738168
239352
777954
86424
298523
815039
268554
639110
98791
676614
12191
491308
625127
569156
307227
333519
659944
775787
657443
572776
390260
17848
776028
772663
835145
158041
309466
22130
681917
447245
575185
555183
686598
488237
709625
120219
506392
113278
827347
605184
857910
42655
299608
618135
611811
606836
154770
474871
517721
812214
182746
111098
33178
93872
18859
3421
319931
396344
25552
136946
46705
600737
760148
801321
292090
604871
56638
798482
786167
87102
606782
847193
197775
41489
600426
12702
716343
823215
487573
369162
838545
670319
480260
6821
832209
499120
10243
355257
98580
103813
560221
145285
772568
455467
81705
267774
263455
206361
269372
252738
361481
11253
235030
559256
120760
38572
571958
837103
64903
262648
409381
38546
136083
24740
45368
103391
591878
55611
458648
758476
227442
153967
38859
135108
677453
188582
470900
144024
394944
740272
464780
824443
819543
767828
518798
75401
9517
293872
115620
74420
624538
593020
112967
760622
617760
158335
67129
412754
281964
593795
374346
577424
815780
413205
780550
628331
669806
386548
840373
199848
261918
508270
159389
216560
411196
746205
359979
420713
243194
543618
563152
2830
271736
676119
831470
92612
37570
33697
505366
319534
627492
14810
32056
578371
496033
15722
409818
300937
402270
453308
568803
664188
96676
796211
83864
575890
677514
511862
131702
123824
190578
694854
194673
462314
574089
161241
554926
611659
194939
263408
134309
25547
346236
234383
603918
842269
250105
216853
346323
652375
670161
50224
519679
766837
846435
603544
545843
727066
250504
745563
54006
509100
643533
248679
106512
352720
409921
729456
99477
672878
127962
233786
698425
474198
468169
437442
519583
786292
722313
1004
573765
527572
119247
228543
497525
100780
35203
178466
30962
353725
59128
84969
862825
702661
333648
104435
258498
811587
833891
425993
619563
164969
659780
453087
639167
331065
93645
293848
252456
815958
362871
29337
546646
482118
257880
179269
650916
361101
425753
681879
714826
552899
834866
712749
390659
303612
20300
717175
318316
57307
278266
72977
222276
141162
594082
64559
472228
755745
426426
792702
706801
789297
25155
456563
474531
351054
635832
260545
712155
264702
145540
630098
817601
115504
545963
411376
487135
566264
263649
805451
691589
541916
81544
116982
683078
675627
249559
358422
566470
675985
354240
476388
668398
379396
68049
278027
730450
771900
606591
577703
171700
752131
410917
124399
70752
91979
535776
557887
726261
799425
498436
620966
476439
579980
737948
362634
458723
122606
721056
160292
1707
210395
704698
670106
589791
772747
151249
523357
679745
757840
304176
851445
713088
715094
178961
783840
807073
714737
476825
668432
717278
178377
424496
396834
826375
365561
759468
420197
556185
683640
648507
557892
29133
488303
363096
686942
396148
582364
345397
279010
475302
649574
333571
323488
567784
512532
310444
509955
430385
787269
381503
350780
168762
9115
747614
130236
442694
710198
550433
133977
528936
402056
691870
626088
25457
258082
516146
489623
840446
64660
836651
450847
782252
305321
842353
485134
817853
287896
130187
451355
278281
579708
802135
447044
656841
684847
577280
234634
598161
330829
368611
330213
732885
195579
159417
826360
453662
675564
519099
429206
740224
490849
83169
725592
796170
128639
345824
817139
416535
544029
403592
762834
258835
408843
344976
50774
296806
57354
285408
30065
456201
722038
428297
392202
52715
587714
353660
574395
398376
7858
206718
341716
566725
357905
202406
497993
486544
616248
518248
106195
295375
124957
4128
622228
533800
349104
673003
830607
474477
161527
63788
65776
86681
492085
457979
207415
214898
14755
781810
681292
90631
191644
226125
657356
549550
496549
358465
171192
247896
11812
277388
611289
136769
281516
368616
738587
698638
244735
772310
308213
474280
836099
442008
560962
531300
103103
768377
814216
117858
753303
630607
208490
80046
59848
68962
697614
556397
427428
71922
7409
507258
349310
618699
712045
698844
122413
585730
600599
435166
493139
43910
44544
532354
485918
605506
266770
589021
576999
216085
774898
533419
49808
186504
613465
109656
255466
514195
734071
750912
586117
741481
393268
138544
495278
240411
40504
685709
29258
641103
255973
590415
685014
368535
325885
374048
177158
592655
166186
754157
11856
76182
422674
61664
330704
239255
239338
586170
753450
176526
472181
542684
53105
68565
681228
616401
376995
789750
505226
406253
565952
829217
131766
454082
332850
525669
828130
510008
253422
197432
399264
265279
341632
25054
394961
672336
332328
702318
393605
220876
13942
68902
831578
135065
205485
715922
751466
582480
640771
459808
191849
341821
424123
391633
795903
756973
52400
827149
402080
305823
227698
4460
639120
569330
97532
237197
376765
429860
142631
770370
718755
156573
42388
685431
359656
247873
536452
246220
33470
312321
774046
225319
722160
333267
616953
721179
225339
737371
751444
695437
178292
114240
699897
20528
683571
797429
325744
195434
430406
468375
168920
284259
624949
279326
104788
187721
595217
709258
433942
628687
224695
411104
57123
81953
744372
742094
6248
104809
614563
757693
800246
860874
75049
703259
84518
758620
703804
410262
157170
269308
13736
394108
553567
706703
673434
726374
29522
403750
570730
531482
235553
795426
77685
292676
80495
822057
169868
86744
129982
852450
47553
133344
848422
122602
39719
68038
84339
743523
478301
241509
215948
560055
